src/main/resources/static/Global/sampledata/wind/2.json
{"header": { "discipline":0, "gribEdition":2, "gribLength":79078, "center":7, "subcenter":0, "refTime":"2024-02-18T00:00:00.000Z", "significanceOfRT":1, "productStatus":0, "productType":1, "productDefinitionTemplate":0, "parameterCategory":2, "parameterNumber":3, "parameterUnit":"m.s-1", "genProcessType":2, "forecastTime":0, "surface1Type":103, "surface1Value":10.0, "surface2Type":255, "surface2Value":0.0, "gridDefinitionTemplate":0, "numberPoints":65160, "shape":6, "gridUnits":"degrees", "resolution":48, "winds":"true", "scanMode":0, "nx":360, "ny":181, "basicAngle":0, "lo1":0.0, "la1":90.0, "lo2":359.0, "la2":-90.0, "dx":1.0, "dy":1.0 }, "data":
[rows 75 to 99 of 181, columns 0 to 57 of 360]
-1.5174927,-1.8974926,-2.3374927,-0.4474927,0.7525073,-0.007492676,0.13250732,-0.6674927,-1.3074927,-1.4774927,-2.2274926,-3.0474927,-3.1374927,-3.3874927,-3.1374927,-3.5974927,-4.127493,-4.4874926,-4.187493,-5.127493,-3.7574928,-1.4274926,-1.4774927,-3.7774928,-3.0874927,-1.1474926,-3.6874926,-6.0974927,-5.7774925,-4.767493,-4.517493,-6.2374926,-5.7374926,-5.5574927,-6.707493,-6.9674926,-5.2874928,-1.0574927,-0.9074927,-1.3074927,-7.1774926,-7.397493,-6.8874927,-5.4674926,1.0925074,-0.4774927,-2.4174926,1.4625074,1.4725074,1.5925074,-1.4374927,-0.9174927,1.9225073,0.7725073,-0.12749268,-0.7874927,-1.2374927,-1.6274927
-1.0274926,-0.6174927,-0.39749268,-0.34749267,-0.17749268,-0.82749265,-2.3174927,-0.9274927,-0.9874927,-1.6074927,-1.8474927,-2.7774928,-3.5974927,-3.6674926,-4.7774925,-4.1174927,-4.3174925,-4.397493,-5.0674925,-4.9474926,-4.627493,-0.9774927,-4.187493,-3.3574927,-1.5474926,-0.5574927,-3.3574927,-4.7874928,-6.0774927,-3.9974928,-4.4674926,-5.377493,-5.957493,-6.627493,-6.0374928,-5.397493,-4.0874925,-0.7774927,1.2725073,0.0025073243,-0.3574927,-2.4274926,-7.3874927,-7.377493,-1.1874927,-0.56749266,0.10250732,-0.7474927,-1.1174927,0.42250732,0.44250733,0.47250733,-0.34749267,-1.1974927,-1.1974927,-1.5874927,-2.0074928,-2.2574928
-2.4974928,-1.3774927,-1.8574927,-1.2974926,-2.1674926,-1.3574927,-1.4474927,-0.7274927,-1.0574927,-1.9074926,-2.4574926,-2.5974927,-2.4674926,-3.3274927,-4.1074924,-6.1174927,-4.707493,-5.2974925,-4.437493,-4.6074924,-3.3874927,-1.1174927,-3.9674926,-2.3174927,-0.09749267,-2.9074926,-4.5274925,-4.727493,-6.8674927,-6.2874928,-5.5774927,-5.9074926,-6.3274927,-5.8274927,-4.0774927,-4.517493,-3.2174926,0.73250735,-0.46749267,-0.28749266,-2.2574928,-4.997493,-4.477493,-8.197493,0.052507326,-0.69749266,-0.25749266,0.062507324,0.16250733,-0.8474927,-1.2774926,-0.9874927,-1.6674926,-2.3774927,-1.4974927,-3.3374927,-2.2774928,-2.1074927
-1.5474926,-2.1674926,-1.7574927,-2.1974926,-2.1574926,-1.2374927,0.032507323,0.38250732,-1.8374927,-2.2874928,-1.6574926,-1.6574926,-2.8174927,-3.3374927,-3.3974926,-3.6074927,-3.6674926,-4.207493,-2.9274926,-2.8574927,-2.6274927,-0.31749266,-1.3874927,1.7525073,-2.8574927,-5.937493,-5.0674925,-5.4474926,-6.147493,-6.2874928,-7.0474925,-6.247493,-6.6774926,-4.8074927,-4.6574926,-2.6374927,-0.70749265,-3.6074927,-0.64749265,-0.62749267,-3.8674927,-4.747493,-4.627493,-3.5774927,-2.9774926,0.3625073,-0.5274927,-0.88749266,-0.9674927,-1.9074926,-1.6674926,-1.2274927,-3.2574928,-3.9274926,-4.3874927,-2.3974926,-3.3674927,-3.3774927
-2.1374927,-1.2874926,-0.7774927,-1.8674927,-1.9774927,-2.0574927,-1.7174927,-0.6174927,-1.4174926,-0.7374927,-2.3474927,-2.3574927,-2.4174926,-1.9174926,-1.4074926,-2.3474927,-3.4874926,-2.5574927,-1.4274926,-1.7574927,-1.7274927,-1.7074927,-0.48749268,-1.1974927,-3.9174926,-4.3274927,-5.3674927,-6.227493,-5.8174925,-5.5274925,-5.3474927,-5.3174925,-6.1774926,-5.017493,-3.5474927,-0.7874927,0.6425073,-1.3174927,0.7025073,-0.39749268,-0.5274927,-5.3274927,-1.8774927,-1.0174927,0.7125073,0.3325073,-0.8574927,-1.8274927,-0.5574927,-1.8574927,-2.1574926,-1.9274926,-3.1674926,-3.8374927,-3.7474928,-4.247493,-4.1074924,-3.4474926
-2.0374928,-0.25749266,-2.2374926,-1.8074927,-2.1274927,-2.4874926,-2.0774927,-1.5674927,-1.1074927,-0.64749265,-1.8474927,-3.3674927,-2.1374927,-2.0174928,-3.4874926,-4.5574927,-2.9374926,-2.1574926,-1.8574927,-1.5574927,0.5125073,-0.27749267,0.092507325,0.21250732,-1.3174927,-2.6374927,-3.7574928,-5.0674925,-5.127493,-3.4674926,-1.8774927,-3.5974927,-4.417493,-3.6574926,-3.3674927,-0.5374927,-0.51749265,-1.1274927,0.47250733,0.86250734,-1.1774926,-3.6674926,-3.7374926,-0.7974927,-2.1974926,-0.3874927,-1.6174927,-2.4774926,-2.4174926,-2.2674928,-0.37749267,-3.4274926,-4.147493,-3.3274927,-4.187493,-4.917493,-4.707493,-4.247493
-1.1274927,-0.16749267,-1.2074927,-1.4974927,-1.4974927,-1.4374927,-0.5874927,-1.9374927,-1.9474927,-3.1674926,-2.9074926,-0.9674927,0.9425073,0.7725073,0.07250732,-2.4274926,-2.4474926,-3.4574926,-2.3274927,-1.1674926,-0.75749266,0.11250732,-0.12749268,-0.94749266,-1.3274927,-1.8274927,-2.8774927,-2.9174926,-2.4574926,-1.7974926,-2.2574928,-3.8074927,-4.8474927,-5.1774926,-3.3274927,-1.5174927,-0.12749268,0.23250732,1.0525073,-0.9674927,-4.3674927,-2.6874926,-3.6774926,-7.2574925,-5.187493,-3.6174927,-5.1374927,0.3625073,1.3625073,-2.8474927,-2.4474926,-4.897493,-4.7174926,-5.1374927,-5.247493,-5.2774925,-4.6574926,-4.3674927
3.1125073,-0.18749267,2.8725073,2.3125074,1.6525073,1.7925073,1.5425073,0.46250734,0.8425073,0.11250732,-0.6674927,0.80250734,-0.24749267,0.6525073,0.6625073,-1.0874927,-1.0374926,-1.8074927,-1.8974926,-1.4174926,-0.9674927,-0.09749267,-1.1974927,-1.7474927,-2.4474926,-4.187493,-2.2874928,-2.2074926,-1.8274927,-2.7174926,-3.5874927,-5.0374928,-5.2374926,-5.1174927,-3.2574928,0.35250732,-0.48749268,-0.13749267,-0.07749268,-5.3674927,-0.43749267,0.85250735,1.2425073,-1.5474926,-8.477492,-6.1374927,0.41250733,-1.1674926,-1.7274927,-2.2874928,-4.767493,-4.517493,-4.3274927,-4.5974927,-5.3174925,-4.897493,-4.5674925,-3.9374926
3.4725072,2.6025074,2.5125074,1.6425073,0.8825073,0.68250734,-0.39749268,1.4025073,-0.51749265,-1.5774927,0.6525073,-0.4174927,-2.0274928,-1.0374926,-2.8474927,-0.16749267,-0.45749268,-1.7674927,-1.1374927,0.9725073,0.41250733,-0.4174927,-0.7174927,-0.49749267,-1.3474927,-1.9674927,-3.1874926,-2.0474927,-2.3374927,-3.1874926,-3.9174926,-3.0974927,-4.227493,-4.6074924,-2.3374927,0.80250734,-1.3474927,-0.42749268,-4.8274927,-0.16749267,0.43250734,-1.6774926,0.7625073,-1.2374927,-3.4874926,-1.0874927,-0.5874927,-0.6074927,-1.8574927,-2.7574928,-3.9874926,-3.6174927,-4.5374928,-5.0274925,-4.6774926,-4.0374928,-3.9274926,-4.0474925
1.7925073,2.5125074,3.7425072,6.2625074,5.502507,1.4425073,1.2425073,1.7025074,2.9725072,-0.23749268,-0.027492676,-0.7874927,0.8925073,-0.75749266,-1.7874926,-1.7374927,-1.0574927,-0.117492676,0.26250732,-1.4174926,-0.057492677,0.012507324,-1.4374927,-1.0074927,-2.1274927,-1.7874926,-1.4074926,-1.9374927,-2.4874926,-2.1174927,-2.2674928,-3.0774927,-4.667493,-5.167493,-4.0974927,-1.9674927,-1.0374926,-1.1074927,-0.39749268,-0.51749265,0.18250732,-0.75749266,-0.37749267,-1.6574926,-2.4574926,-2.0474927,-1.9974927,-1.8774927,-1.5574927,-3.4774926,-3.7874928,-4.0274925,-4.3874927,-4.7774925,-3.9974928,-3.8674927,-3.4574926,-3.0874927
3.7625074,3.8825073,5.4625072,6.4625072,5.352507,4.502507,0.98250735,0.61250734,0.7125073,1.1225073,0.10250732,0.9425073,0.54250735,-1.1074927,-0.5474927,-1.3174927,0.14250733,-0.16749267,0.99250734,0.25250733,0.87250733,1.3025073,0.8825073,-0.5374927,-0.8074927,-0.34749267,0.092507325,-1.5474926,-1.7274927,-1.9474927,-1.6674926,-0.7974927,-1.3074927,-2.1174927,-2.1974926,-0.017492676,1.9425073,0.9625073,0.3925073,0.062507324,-1.1574926,0.17250733,0.8225073,0.13250732,4.6625075,1.5625073,0.5125073,-1.3274927,-1.0274926,-2.9574926,-3.3574927,-4.127493,-3.9274926,-3.6874926,-3.6574926,-4.497493,-4.3074927,-4.3274927
2.7425072,4.042507,3.4525073,2.7625074,3.7025073,4.022507,3.6125073,1.7125074,2.0525074,-3.1874926,0.3325073,0.87250733,1.2825073,1.5025073,1.2225074,0.3025073,0.08250733,0.7025073,1.4225073,1.3425074,0.99250734,0.07250732,-1.0174927,-0.13749267,-0.48749268,-1.0074927,-0.50749266,-1.9874927,-1.9374927,-2.4274926,-1.9774927,-3.0274928,-2.4074926,0.41250733,-0.24749267,3.1125073,6.062507,4.732507,0.6325073,0.29250732,-0.28749266,-0.29749268,1.4825073,2.8725073,3.7325072,2.5925074,-0.43749267,-0.5374927,-2.7774928,-3.5074928,-3.8974926,-4.727493,-3.2574928,-3.6974926,-4.017493,-4.3274927,-4.9674926,-4.687493
2.7625074,1.8625073,1.8825073,1.9425073,1.7825073,1.6125073,3.1325073,4.4725075,3.7225072,3.6925073,1.9325073,-0.7774927,0.54250735,-0.40749267,1.1525073,0.8325073,0.26250732,0.61250734,0.55250734,1.3625073,0.8425073,0.7225073,0.81250733,0.5725073,0.60250735,0.3625073,0.23250732,0.68250734,1.1525073,1.4425073,0.67250735,-1.4174926,0.5125073,0.48250732,0.81250733,-0.06749268,0.032507323,4.3925076,-0.017492676,-0.56749266,-1.6874927,3.4225073,2.7625074,0.9125073,-1.8474927,-2.2774928,-0.8574927,-2.9874926,-3.9674926,-4.4474926,-4.8874927,-4.4074926,-4.187493,-4.0774927,-4.2974925,-5.167493,-4.917493,-4.4474926
2.6725073,1.5525073,-1.2774926,-0.4774927,-0.37749267,1.2625073,2.1125073,3.3925073,3.4225073,3.9325073,0.93250734,0.54250735,0.6325073,0.80250734,0.37250733,0.35250732,0.022507325,-0.12749268,1.1125073,1.0425073,0.86250734,0.9725073,1.5725074,1.2425073,1.2625073,1.5925074,-0.047492675,0.48250732,1.0525073,0.2725073,-0.3874927,-1.2574927,1.2025074,0.44250733,0.7525073,-0.24749267,2.3725073,1.3525074,-0.29749268,3.6025074,2.8425074,2.5025072,-0.037492678,0.37250733,-1.3574927,-2.5274928,-4.937493,-4.8574924,-4.8574924,-4.897493,-4.897493,-5.147493,-5.227493,-4.9674926,-5.127493,-4.877493,-3.8274927,-4.5974927
0.54250735,0.93250734,-0.23749268,-1.3574927,-0.7774927,-0.13749267,0.22250733,1.2725073,1.4925073,1.5125073,0.052507326,0.21250732,-0.087492675,0.6325073,0.67250735,0.55250734,0.93250734,0.9625073,0.8825073,0.67250735,1.4725074,1.2025074,0.9125073,1.3625073,1.8925073,1.4025073,1.3125073,1.8725073,0.8425073,0.3325073,-0.34749267,1.1025074,-0.40749267,1.1125073,1.6425073,-0.9774927,2.9625072,1.1625073,2.1525073,1.0725074,0.6325073,-0.42749268,-0.22749268,-0.76749265,-3.1974926,-3.9374926,-4.3674927,-4.7574925,-5.5674925,-5.397493,-5.8474927,-5.5674925,-5.5574927,-5.397493,-5.937493,-4.2774925,-4.147493,-4.7974925
-0.4774927,-0.15749268,-0.037492678,-0.30749267,0.3025073,-0.45749268,0.99250734,1.0925074,1.3525074,1.5725074,0.12250733,0.12250733,-0.29749268,0.6625073,0.7525073,0.5725073,1.3025073,1.4325073,0.92250735,1.1925073,0.26250732,-0.13749267,0.5225073,-0.007492676,0.6625073,0.7525073,0.92250735,0.99250734,0.60250735,0.80250734,-0.9274927,0.42250732,-0.50749266,0.55250734,-0.7274927,-1.8774927,2.1425073,-0.88749266,-1.0674927,3.3125074,1.1425073,0.48250732,-0.16749267,-2.1274927,-1.8974926,-2.3774927,-2.9074926,-4.127493,-5.3574924,-6.3874927,-6.417493,-6.5674925,-6.7774925,-6.8474927,-6.1174927,-5.437493,-4.8174925,-4.9674926
0.38250732,0.5725073,0.7725073,0.62250733,0.60250735,0.052507326,1.3525074,0.14250733,1.3125073,0.5325073,0.23250732,0.022507325,0.5125073,0.44250733,0.93250734,1.2025074,1.1525073,1.5925074,1.1025074,-0.42749268,0.17250733,0.20250732,-0.047492675,-0.39749268,0.052507326,-0.5974927,-0.94749266,-0.12749268,0.8425073,0.23250732,1.2425073,-0.117492676,3.8525074,3.0625074,2.4025073,-0.7474927,-0.81749266,-1.1374927,-0.027492676,2.6125073,1.4725074,0.45250732,-1.5074927,-1.6074927,-2.1874926,-3.3074927,-4.647493,-5.0674925,-5.5274925,-6.0774927,-7.127493,-6.877493,-6.897493,-5.6774926,-5.7774925,-5.937493,-5.7574925,-5.5774927
1.5225073,1.0625073,1.5925074,1.6125073,1.5725074,2.1125073,-0.10749268,-0.5474927,-1.1874927,-0.5374927,0.15250732,-0.29749268,-0.5374927,0.61250734,1.1125073,1.3425074,0.032507323,-0.56749266,-0.49749267,-0.8074927,-0.9274927,0.56250733,-1.1474926,-0.27749267,-0.8074927,-0.29749268,0.19250733,-0.95749265,0.062507324,1.0425073,-0.5274927,0.34250733,4.582507,4.7225075,-0.09749267,-0.63749266,-0.21749267,-2.0774927,-0.42749268,0.60250735,0.17250733,-0.9674927,-2.1274927,-2.4374926,-3.5274928,-4.437493,-4.6074924,-5.627493,-5.5874925,-6.1774926,-6.6174927,-6.7874928,-6.5774927,-6.977493,-6.7574925,-6.767493,-6.1774926,-5.957493
2.3825073,2.0125074,1.8625073,2.0025072,1.2925073,0.34250733,-0.6674927,-1.7274927,-1.1674926,-0.48749268,-1.5574927,0.40250733,-0.7874927,-0.09749267,-0.93749267,-0.39749268,-0.5274927,-1.5574927,-1.0774927,-0.5374927,-0.48749268,-0.32749268,-0.24749267,-0.50749266,-0.5574927,-1.0974927,0.28250733,-0.007492676,-0.17749268,0.6525073,0.35250732,-0.12749268,0.54250735,0.13250732,0.8925073,-0.8574927,-0.63749266,-4.627493,-1.6474926,-0.5374927,-1.9274926,-3.4774926,-2.8774927,-2.9574926,-2.6774926,-4.477493,-5.3474927,-6.957493,-6.4474926,-7.0274925,-6.3374925,-5.937493,-6.647493,-6.8074927,-6.5674925,-6.4074926,-6.457493,-6.5074925
3.3625073,2.6225073,1.6025074,0.7025073,1.5725074,0.5325073,0.17250733,-0.9974927,-0.5974927,-0.40749267,0.7225073,-1.8374927,-0.33749267,-1.1274927,-0.5374927,0.79250735,-0.46749267,-0.31749266,-0.7874927,-0.57749265,-0.51749265,-0.20749268,-0.37749267,0.092507325,-0.14749268,-0.6174927,-2.6274927,-0.68749267,-1.4574927,-1.4174926,-1.7674927,0.67250735,1.3125073,1.8225074,0.9125073,0.45250732,0.07250732,1.0225073,1.1425073,-1.4874927,-4.3574924,-3.8974926,-3.2474928,-3.0574927,-3.4174926,-4.7174926,-4.0474925,-3.3374927,-5.7774925,-6.7774925,-6.4474926,-5.9674926,-5.877493,-5.9274926,-6.5574927,-6.727493,-5.5374928,-5.957493
2.1625073,2.8025074,3.4525073,2.6325073,1.6425073,1.1425073,1.2625073,0.7825073,0.3325073,0.022507325,1.4825073,-0.5974927,-0.007492676,-0.07749268,0.40250733,1.6225073,0.6925073,0.5025073,-0.4774927,-0.9874927,-0.9974927,-0.45749268,-0.06749268,-0.19749267,-0.88749266,-1.2574927,-1.6774926,-1.1974927,-0.39749268,-0.117492676,-0.19749267,0.37250733,0.60250735,0.49250734,1.3825073,0.25250733,-0.9774927,0.26250732,0.67250735,-3.0374928,-4.917493,-4.2174926,-4.1974926,-5.8674927,-5.7574925,-5.2874928,-4.267493,-4.747493,-4.707493,-4.9274926,-5.5574927,-5.3174925,-4.6574926,-6.647493,-6.2574925,-6.627493,-6.2874928,-6.4074926
2.0625074,1.8325074,2.0725074,2.0025072,2.4625072,1.7725073,1.6825073,1.3825073,1.1425073,1.9925073,1.9325073,1.1025074,0.17250733,1.4225073,1.0925074,1.6025074,0.3925073,-0.22749268,-0.50749266,0.21250732,-0.6674927,-0.27749267,-0.94749266,-1.3074927,-0.10749268,0.45250732,0.15250732,-0.5274927,-0.037492678,0.42250732,0.87250733,0.07250732,1.1725073,0.32250732,1.2525073,-0.14749268,-0.26749268,-0.027492676,-1.1874927,-5.2774925,-4.977493,-5.5074925,-5.5874925,-6.687493,-6.0074925,-6.017493,-5.0474925,-4.687493,-4.6074924,-4.897493,-5.2774925,-5.3374925,-6.5774927,-5.9074926,-6.397493,-6.707493,-6.127493,-6.377493
2.5525074,3.5625074,2.2425072,2.7325072,2.0525074,2.8625073,2.7625074,2.8125074,2.6825073,2.2225072,2.8925073,3.2425072,0.60250735,0.7725073,1.3025073,0.60250735,0.24250732,-0.117492676,-0.42749268,-0.037492678,-0.057492677,-0.5374927,-0.46749267,0.26250732,0.3025073,0.8425073,0.14250733,-0.07749268,-0.8374927,0.6625073,0.7625073,0.8925073,0.56250733,1.2525073,-0.24749267,-0.22749268,-0.057492677,-1.2274927,-1.9074926,-1.6774926,-5.8874927,-6.0674925,-5.937493,-5.627493,-5.397493,-5.267493,-4.6774926,-4.897493,-4.647493,-4.9674926,-4.7574925,-4.7574925,-4.0974927,-3.0974927,-3.7474928,-4.417493,-3.9774926,-4.6574926
2.1625073,4.2825074,4.9425073,4.4425073,4.9125075,4.4225073,4.1525073,4.8025074,5.2425075,4.582507,1.7125074,3.0625074,2.2625074,1.6025074,-0.037492678,0.44250733,1.1125073,1.0525073,0.31250733,-0.17749268,-0.16749267,-0.27749267,0.16250733,-0.007492676,-0.26749268,0.85250735,-0.68749267,0.7525073,0.6525073,-0.9874927,-1.7374927,-1.1174927,0.062507324,-1.0174927,-0.7274927,2.0425074,-0.19749267,-0.7274927,-0.6074927,0.40250733,-6.9874926,-6.957493,-6.2374926,-5.4874926,-4.5874925,-4.7874928,-4.667493,-4.2774925,-4.2774925,-4.2774925,-4.1974926,-4.517493,-4.977493,-4.7574925,-3.1874926,-2.3774927,-2.3374927,-2.0074928
4.8925076,4.3225074,4.5725074,5.2425075,5.0325074,5.042507,4.272507,4.772507,4.4125075,5.6125073,6.0525074,5.272507,4.7425075,2.8825073,-0.07749268,-0.34749267,0.18250732,0.8925073,-0.22749268,-0.09749267,-0.69749266,-1.3174927,-0.39749268,-0.6774927,-0.18749267,-0.18749267,1.0425073,-1.0674927,-0.15749268,-0.057492677,0.8925073,0.23250732,-0.5974927,0.6925073,1.8925073,0.22250733,0.7625073,-1.1474926,-1.4974927,-1.4474927,-6.517493,-6.8474927,-5.747493,-5.187493,-5.3374925,-5.1374927,-4.5074925,-3.9174926,-3.6374927,-3.7474928,-3.5674927,-3.5974927,-4.2874928,-4.397493,-4.3574924,-5.017493,-3.5874927,-3.8574927
