src/main/resources/static/Global/sampledata/wind/2.json
{"header": { "discipline":0, "gribEdition":2, "gribLength":78624, "center":7, "subcenter":0, "refTime":"2024-02-18T00:00:00.000Z", "significanceOfRT":1, "productStatus":0, "productType":1, "productDefinitionTemplate":0, "parameterCategory":2, "parameterNumber":2, "parameterUnit":"m.s-1", "genProcessType":2, "forecastTime":0, "surface1Type":103, "surface1Value":10.0, "surface2Type":255, "surface2Value":0.0, "gridDefinitionTemplate":0, "numberPoints":65160, "shape":6, "gridUnits":"degrees", "resolution":48, "winds":"true", "scanMode":0, "nx":360, "ny":181, "basicAngle":0, "lo1":0.0, "la1":90.0, "lo2":359.0, "la2":-90.0, "dx":1.0, "dy":1.0 }, "data":
[rows 75 to 99 of 181, columns 57 to 113 of 360]
-2.5149755,-2.1149757,-2.1249757,-0.9649756,-4.024976,-2.0049756,-1.6049756,-0.8549756,-0.5949756,-0.45497558,-0.10497559,0.2850244,1.1250244,2.1250243,1.3250244,-0.9449756,-0.7949756,-1.8949755,-0.9149756,-1.5649756,-1.2249756,-1.9349756,-0.8649756,0.9850244,-1.1449755,-0.8249756,-1.4649756,-2.1049757,-2.6949756,-3.7949755,-4.8149757,-4.1649756,-3.9249756,-3.6749756,-2.3949757,-1.7449756,-1.0849756,0.22502442,1.3450245,1.9250244,1.4750245,-0.7849756,1.0250244,1.1750244,1.4450244,0.19502442,1.7250245,1.2650244,-1.6449755,-1.0249755,-0.20497559,0.62502444,1.4350244,-2.6849756,-2.8349755,-3.8249755,-1.8349756
-2.5249755,-2.2349756,-2.3949757,-2.5849755,-2.0749755,-1.5049756,-1.7549756,-1.3749756,-1.3349756,-0.7249756,-0.7849756,-0.3149756,0.74502444,2.0950243,0.21502441,-0.21497558,1.2650244,-0.024975587,-1.0949756,-1.7549756,-1.0049756,-1.0049756,-0.5949756,0.7650244,-2.3149755,-2.8149755,-2.8749757,-3.8749757,-4.6049757,-5.1749754,-4.8949757,-4.9049754,-4.524976,-4.6749754,-3.1949756,-2.4349756,-1.8949755,-0.35497558,-0.62497556,-0.3449756,1.7650244,-2.0849755,0.8950244,0.45502442,-1.9249756,1.1650244,2.5950243,-0.9549756,-1.6349756,-0.9749756,-1.1049756,-0.9749756,1.5950245,-2.9649756,-3.6749756,-3.0449755,-6.984976
-2.7049756,-2.2349756,-2.3249755,-1.6649756,-1.6649756,-1.3349756,-1.3749756,-2.2349756,-1.2949756,-1.5249755,-1.6149756,-1.1049756,-0.10497559,1.3150244,1.4150244,-0.5149756,0.035024416,0.5150244,-1.0949756,-1.1449755,-1.7949756,-1.4649756,0.33502442,0.99502444,-3.6549757,-3.7449756,-4.1849756,-5.0549755,-5.5649757,-5.504976,-5.5949755,-5.6949754,-5.7449756,-5.2649755,-4.504976,-3.6349757,-1.6849756,-2.4249756,-1.6749756,0.2750244,1.1150244,0.6550244,-0.5449756,1.7150245,-0.42497557,-0.35497558,1.1050245,0.4450244,-1.0549756,-0.09497558,-1.9349756,-0.9749756,0.33502442,-2.3949757,-3.3149755,-5.0449758,-6.6049757
-2.6849756,-2.6749756,-2.4049757,-1.6149756,-1.4549756,-1.4449756,-1.2749755,-2.5749755,-2.1449757,-2.5249755,-1.8649756,-1.2649755,-1.1349756,0.3450244,1.6750244,-0.2549756,0.4150244,0.7350244,-2.3849757,-0.6749756,-1.0349755,-1.0949756,0.5850244,-2.2849755,-4.3549757,-4.6349754,-4.9149756,-5.8749757,-6.0449758,-6.4049754,-5.8649755,-5.9749756,-6.3949757,-5.8249755,-5.734976,-4.9449754,-3.2349756,-1.8449756,-0.9549756,-0.62497556,-0.8449756,-2.4349756,-0.7149756,2.2050245,0.8050244,-0.32497558,-0.18497558,-0.4749756,0.45502442,0.19502442,-0.56497556,-0.62497556,0.8550244,-1.8549756,-3.6949756,-7.1549754,-5.5549755
-2.7449756,-1.9949756,-1.7849755,-1.3749756,-1.3549756,-1.7649755,-2.1249757,-2.6849756,-3.0449755,-2.4849756,-1.9349756,-1.8149756,-0.6049756,1.1150244,0.4050244,-0.39497557,-0.054975584,0.035024416,-0.93497556,-0.7749756,-0.5349756,-1.7049756,-0.44497558,-4.3449755,-4.6149755,-4.7649755,-5.5649757,-5.754976,-6.0649757,-6.024976,-5.7249756,-6.4249754,-6.0849757,-6.4149756,-5.8949757,-4.6149755,-3.4349756,-2.2949755,-2.3249755,-2.3949757,-3.9949756,-5.254976,-0.9249756,-1.2149756,-2.0349755,-2.3449755,-2.9349756,-0.62497556,-0.32497558,-0.68497556,-1.6849756,-0.44497558,-4.5149755,-3.7749755,-6.7149754,-6.4049754,-7.1549754
-2.7749755,-2.5749755,-2.0349755,-2.4249756,-2.2249756,-1.9849756,-1.7449756,-2.5549755,-3.1349757,-2.6549757,-2.1349757,-1.5349755,-1.0749756,-0.45497558,0.4050244,-0.13497558,-0.7349756,-0.7949756,-3.4749756,-2.2049756,-1.7749755,-0.034975585,-1.1549755,-5.1149755,-4.734976,-4.6149755,-4.9649754,-5.4749756,-5.5449758,-5.2649755,-5.8849754,-6.0649757,-6.0149755,-5.9249754,-5.7949758,-5.3549757,-4.3449755,-2.3449755,-3.2349756,-5.1049757,-4.3849754,-2.1949756,-0.56497556,-4.234976,-3.9749756,-4.2049756,-4.8049755,-4.9949756,-3.5149755,-2.0049756,-8.194976,-7.6049757,-5.0549755,-5.3249755,-5.8549757,-6.9249754,-6.7049756
-3.2749755,-3.2349756,-3.0749755,-2.7749755,-2.1049757,-2.2649755,-2.1749756,-2.9849756,-3.3249755,-2.5449755,-2.5049756,-2.5849755,-1.8949755,-1.3349756,-0.26497558,-0.8549756,-0.6549756,-0.7949756,1.4550244,-1.5049756,-1.8649756,0.4450244,-5.254976,-3.3649757,-3.9649756,-4.1549754,-4.6049757,-4.7449756,-5.1749754,-5.254976,-5.7849755,-5.9949756,-6.2249756,-6.1349754,-5.8549757,-5.6249757,-4.7149754,-4.8649755,-4.5749755,-4.9549756,-4.0549755,-3.6749756,0.4750244,-1.4949756,-4.1249757,-4.9949756,-4.734976,-5.9749756,-1.5249755,-6.9649754,-6.5849757,-6.1849756,-6.4449754,-6.254976,-5.6249757,-6.8749757,-6.9449754
-3.9549756,-3.7249756,-3.2949755,-2.0449755,-1.3149756,-3.1049757,-2.3849757,-4.9549756,-3.9349756,-3.2349756,-3.2949755,-3.2549756,-2.6849756,-2.1549757,-1.6849756,-2.1149757,-1.6649756,-0.74497557,0.93502444,2.6650245,-2.5849755,-2.4749756,-6.774976,-2.8549757,0.4150244,-2.7049756,-4.2249756,-4.6649756,-4.8549757,-5.2649755,-5.9749756,-5.8049755,-5.9649754,-5.9149756,-6.524976,-5.6349754,-5.0649757,-4.9749756,-4.4349756,-3.4749756,-1.9749756,-4.274976,-2.4549756,-1.6149756,-6.2049756,-5.0449758,-4.3249755,-4.6749754,-5.3449755,-4.9649754,-5.8249755,-5.9949756,-6.9449754,-6.0449758,-6.024976,-6.3449755,-7.4649754
-3.5849755,-3.1449757,-3.0549755,-1.0549756,-2.6249757,-3.6049757,-4.4549756,-4.5749755,-4.1249757,-3.5549755,-3.5349755,-3.5249755,-3.2749755,-3.1949756,-3.3949757,-2.6149757,-2.2049756,-1.5549756,-5.4549756,-9.604976,-7.5149755,-4.9049754,-6.8549757,-1.1649756,1.3850244,-1.6549755,-3.6749756,-3.9449756,-4.5549755,-4.8649755,-5.274976,-6.0149755,-6.6649756,-6.1849756,-6.4149756,-5.6949754,-6.3949757,-6.6049757,-6.6549754,-5.5649757,-7.8049755,-7.7849755,-2.3549757,-1.9249756,-4.8349757,-5.4649754,-3.9049757,-4.4649754,-5.1349754,-5.274976,-5.1949754,-5.8549757,-6.6349754,-5.8649755,-6.0649757,-5.8949757,-7.774976
-3.2349756,-3.2249756,-2.2149756,-1.6949756,-3.2649755,-3.9549756,-4.754976,-4.1749754,-4.8949757,-3.5349755,-3.0449755,-4.7649755,-3.4649756,-4.274976,-4.1749754,-3.4149756,-3.1249757,-6.524976,-5.5349755,-6.1949754,-6.2649755,-4.4149756,3.3550243,1.4950244,-4.3349757,-3.5249755,-3.2949755,-4.0649757,-3.6249757,-4.5749755,-5.9249754,-6.6449757,-6.5349755,-6.7449756,-5.0449758,-5.4949756,-6.1049757,-7.8749757,-8.424975,-6.6149755,-6.0749755,-5.5649757,-4.1449757,-5.0849757,-1.1549755,-0.0049755857,-3.4849756,-3.1249757,-4.7049756,-5.2049756,-4.7449756,-5.1849756,-5.3649755,-5.1349754,-6.7249756,-7.484976,-7.4949756
-3.1649756,-2.1549757,-2.1349757,-1.7449756,-2.6249757,-4.1249757,-3.6249757,-3.9949756,-4.7449756,-3.9149756,-3.9249756,-4.9049754,-4.2149754,-3.9949756,-4.1749754,-5.3649755,-6.234976,-5.8849754,-5.3649755,-4.984976,-4.0849757,-2.0849755,-6.3949757,-7.1549754,-5.8049755,-4.3249755,-3.1849756,-3.2449756,-3.5049756,-4.8749757,-6.1249757,-6.2949758,-6.7849755,-6.9149756,-6.2249756,-5.1949754,-5.4949756,-6.1549754,-2.6549757,-0.4049756,-0.48497558,-1.6749756,-1.2449756,-0.4949756,-0.24497558,-0.11497559,0.36502442,-2.7149756,-3.4449756,-3.5249755,-4.3749757,-4.7049756,-5.1649756,-4.8049755,-6.1549754,-6.6649756,-5.1049757
-2.9049757,-1.8049756,-2.3849757,-1.6249756,-3.7649755,-3.3849757,-2.9949756,-3.8049755,-4.3049755,-4.1349754,-4.7049756,-5.2949758,-4.6949754,-5.5749755,-7.0149755,-7.4649754,-5.9549756,-5.0349755,-4.984976,-5.5349755,-5.4049754,-5.8049755,-5.6849756,-5.3749757,-4.9049754,-3.5349755,-2.5849755,-3.2449756,-4.504976,-4.6249757,-5.7449756,-5.6249757,-6.5449758,-6.7049756,-5.8049755,-4.3549757,-2.2749755,2.1450243,0.5550244,-0.5349756,-1.4449756,1.2050244,2.7850244,1.0650244,-0.5749756,-0.11497559,0.14502442,-2.3849757,-3.5849755,-2.7249756,-2.3949757,-3.9849756,-4.3049755,-4.7449756,-5.234976,-4.7149754,-3.6349757
-2.4849756,-3.2149756,-2.0249755,-2.3649757,-3.7149756,-2.0749755,-2.1449757,-3.3249755,-3.9849756,-4.8149757,-5.1749754,-4.3149757,-5.274976,-6.0349755,-6.6849756,-7.4349756,-6.024976,-4.6149755,-4.754976,-4.8449755,-4.8649755,-4.1849756,-3.9849756,-3.9149756,-3.6949756,-3.5649755,-4.2949758,-3.5749755,-4.1349754,-3.3149755,-3.3949757,-3.0549755,-4.1749754,-4.3949757,-4.6749754,-3.8049755,-2.6449757,0.68502444,-0.44497558,-1.6949756,-3.1949756,-0.55497557,0.8950244,0.20502442,-3.5349755,-1.3349756,-0.6049756,-2.1849756,-2.8549757,-2.6949756,-1.4449756,-3.1249757,-3.9749756,-3.3849757,-3.4749756,-2.5249755,-0.45497558
-2.2049756,-2.2449756,-2.4649756,-2.3549757,-2.4249756,-0.0049755857,-2.4149756,-3.5749755,-3.4649756,-4.1949754,-4.6249757,-4.6949754,-4.9149756,-5.5149755,-6.1549754,-7.8449755,-7.8749757,-4.8249755,-3.6749756,-3.4049757,-3.6649756,-2.1249757,-2.3949757,-0.5449756,-1.4549756,-3.1449757,-2.5049756,-3.3449755,-2.6749756,-2.1649756,-1.6749756,-0.06497559,-0.87497556,-1.2149756,-1.0049756,-0.9149756,-0.26497558,-0.5149756,-1.4549756,-2.4949756,-4.4649754,-2.2449756,-0.6549756,-0.11497559,-0.8949756,-6.004976,-0.3749756,-0.6549756,-2.5849755,-2.8949757,-1.4349756,-1.9449756,-2.7549756,-1.9249756,-1.3149756,-0.024975587,0.07502441
-2.9249756,-2.0749755,-0.9149756,-2.2249756,-1.4049755,1.2750244,-1.3049756,-3.0149755,-3.6749756,-3.5449755,-3.7549756,-4.1249757,-4.9349756,-5.5649757,-5.4049754,-6.9949756,-8.064976,-2.3549757,-3.4649756,-3.2249756,-2.1549757,-2.3549757,-1.9949756,-0.8449756,-0.99497557,-2.7949755,-2.7949755,-1.7249756,-1.0349755,-1.1249756,0.99502444,2.4050245,2.0050244,1.0150244,0.7050244,-0.3749756,-0.20497559,-0.4949756,-1.1949756,-2.8449755,-4.9349756,-5.984976,-0.5949756,0.5250244,-0.8949756,-1.0949756,-1.2949756,-1.1749756,-1.9649756,-1.7049756,-2.1049757,-1.7849755,-1.8249756,0.26502442,0.035024416,-0.09497558,-0.0049755857
-1.8149756,-1.9249756,-0.8349756,-0.5949756,-0.5349756,1.3250244,-0.6049756,-1.6149756,-2.3149755,-2.5849755,-3.0749755,-2.4949756,-4.2649755,-5.0649757,-4.234976,-6.004976,-6.7049756,-2.0649755,-0.7649756,-1.0849756,-1.6449755,0.14502442,-1.4649756,-1.2749755,-0.39497557,-1.0649756,-0.4649756,0.3150244,0.5950244,1.3450245,2.7550244,3.5950243,3.9950244,3.5850244,2.3550243,0.4050244,-0.21497558,-0.7049756,-0.2749756,-1.4649756,-2.2849755,-5.7449756,0.7250244,-1.2549756,0.22502442,-0.6649756,-0.21497558,-2.0049756,-1.1649756,-0.55497557,-1.1049756,-1.4749756,-3.5949755,-0.18497558,0.30502442,-0.1549756,-0.3349756
-1.1249756,-1.0049756,-0.35497558,-0.06497559,0.2850244,0.68502444,1.0550244,0.015024414,-1.5549756,-1.9149756,-1.2149756,-1.2649755,-2.8149755,-4.3449755,-3.3849757,-5.2249756,-4.774976,-2.9649756,-1.9649756,-0.35497558,0.035024416,-0.3449756,-0.16497558,0.16502441,0.22502442,0.38502443,1.8250244,2.8450243,3.1050243,3.2050245,4.3350244,5.9150243,5.9650245,5.5550246,4.3850245,1.8450245,1.1050245,0.22502442,0.4050244,-0.68497556,-1.1149756,-2.3449755,-0.4749756,-0.8949756,-0.32497558,-0.3049756,0.3750244,0.4150244,-0.5249756,-0.26497558,0.5250244,2.0550244,-1.7549756,-0.6949756,-0.23497559,-0.29497558,-0.10497559
-1.0349755,-0.5849756,0.07502441,0.4450244,0.8850244,1.2250245,2.3450243,1.8150244,1.0550244,-0.6049756,-1.6749756,-0.48497558,-1.4549756,-2.4649756,-3.0549755,-3.2649755,-1.3849756,-1.7649755,-2.1549757,0.10502441,0.4950244,0.93502444,2.0750244,1.5650244,1.9850245,1.5750244,2.8150244,3.9750245,4.2150245,3.7450244,4.9250245,5.1750245,6.2050242,5.3450246,5.0550246,3.4050245,1.7950244,0.6150244,0.095024414,-0.7949756,-1.0049756,-1.0649756,-1.9549756,-1.4249756,-1.1749756,0.11502442,0.33502442,0.2850244,1.9750245,0.20502442,1.9350244,2.9950244,1.8350244,-0.17497559,-0.06497559,-0.044975586,-0.18497558
-0.09497558,0.6050244,0.8850244,1.0950245,1.6950244,1.9850245,2.9950244,3.3050244,3.1250243,2.2250245,1.5550244,1.1550244,0.45502442,-0.6949756,-1.5749756,-1.4149756,-0.6749756,-0.9749756,-0.9449756,0.08502442,1.1450244,1.3250244,1.6050245,2.4450245,2.9450245,2.9750245,3.6950245,4.4250245,4.4150243,4.6150246,4.7150245,4.765024,4.4850245,4.8350244,4.8450246,4.0350246,3.1950245,-0.024975587,-0.42497557,-1.1149756,-1.6649756,-2.0249755,-2.7949755,-3.6649756,-3.7349756,-1.0349755,0.5550244,0.5250244,0.9850244,1.8750244,3.1750245,0.4650244,3.1350243,3.4750245,0.9850244,0.30502442,0.6350244
0.45502442,1.7450244,2.0450244,2.6550245,2.9550245,3.0250244,3.9150245,3.7750244,4.3550243,3.8950243,3.4450245,2.4050245,2.0850244,1.4550244,0.07502441,-0.034975585,0.5350244,0.23502441,-0.3449756,0.68502444,0.9850244,1.3650244,1.6450244,3.3750243,4.3550243,4.2950244,3.5250244,5.2050242,4.7950244,5.0350246,4.7150245,4.2750244,4.0450244,3.6350243,3.2150245,2.0150244,0.7650244,-1.6549755,-0.9449756,-0.6649756,-0.75497556,-1.3649756,-2.0949755,-2.2649755,-2.7249756,-3.2849755,-0.7649756,0.6650244,2.3550243,3.5550244,5.4150243,5.9050245,3.7250245,7.2050242,4.4150243,3.9850245,2.8950243
2.4750245,2.9050245,3.4550245,3.8450243,4.1450243,4.3850245,4.1250243,4.0250244,4.9050245,4.9650245,4.3150244,3.8150244,4.015024,3.6650245,2.7250245,1.9850245,1.5450244,1.6450244,1.1950244,1.5250244,1.3150244,2.4150245,2.8150244,3.5050244,3.9050245,4.1550245,3.5350244,4.6050243,5.265024,4.5650244,4.1650243,3.7550244,3.7750244,2.8350244,1.9150244,0.6350244,-1.4849756,-2.6049757,-2.5649755,-1.3349756,-1.2349756,-1.2849755,-1.5449756,-2.0849755,-2.8749757,-3.7249756,-3.5649755,-0.8449756,0.20502442,4.3750243,6.225024,6.8050246,5.8050246,4.8650246,4.7150245,5.975024,4.0050244
3.6750245,3.9650245,4.1150246,5.2350245,5.265024,5.4850245,5.5950246,5.745024,6.5650244,6.4350243,5.7850246,4.3950243,4.5850244,5.1250243,4.2150245,3.3050244,3.7150245,4.0050244,3.2450244,3.4550245,3.0950243,2.9050245,3.9950244,3.0650244,2.6450243,3.2650244,3.5750244,3.4050245,4.6550245,4.225024,3.0150244,1.9150244,1.3750244,0.50502443,-0.6649756,-1.6249756,-1.9849756,-2.5549755,-3.0249755,-2.2249756,-1.0949756,-1.9349756,-1.5949756,-1.8449756,-3.0849755,-1.8049756,-2.3549757,-2.9749756,-0.4049756,0.7950244,3.5250244,1.9350244,3.6650245,4.6450243,3.9250245,3.2650244,3.6550245
5.5550246,5.0350246,5.225024,6.0850244,6.5450244,5.975024,6.4250245,7.5650244,8.455025,7.2750244,6.9350243,6.1950245,6.1250243,5.4050245,5.5350246,6.0450244,5.9150243,5.6950245,4.7150245,4.0950246,4.245024,3.8350244,4.0850244,3.1350243,3.0850244,2.7550244,4.5450244,3.6650245,3.9050245,3.3450243,1.1550244,0.15502441,-1.5449756,-1.2549756,-2.8449755,-2.8249755,-2.9349756,-3.4849756,-2.4149756,-2.5649755,-2.1749756,-2.2449756,-2.0949755,-1.5949756,-3.1449757,-3.1849756,-3.0949755,-2.8849757,-3.6049757,-3.0349755,-0.084975585,-0.054975584,0.36502442,-0.4749756,0.26502442,1.0350244,0.7950244
6.1450243,6.7950244,6.7350245,7.4650245,7.7850246,7.725024,7.8150244,7.975024,8.335025,8.405025,8.675024,7.2850246,7.1050243,6.4650245,7.2750244,6.9650245,7.0250244,6.7950244,6.0750246,5.4850245,4.9550242,5.1650243,4.515024,3.5350244,3.3050244,3.6050243,3.8450243,2.5250244,2.5550244,0.7350244,-0.6949756,-2.3449755,-3.4749756,-3.3149755,-3.0849755,-3.4949756,-4.254976,-4.234976,-3.5449755,-3.2149756,-2.1649756,-2.1349757,-2.4749756,-2.6049757,-2.8149755,-3.2349756,-3.0949755,-2.9749756,-3.6349757,-3.7549756,-3.5349755,-1.8149756,-1.1749756,0.5950244,0.035024416,0.4350244,0.11502442
7.3950243,7.9550242,8.255024,8.455025,8.845024,9.135024,9.405025,10.115025,9.265024,8.955025,9.015024,8.425024,8.585025,8.085025,8.435024,8.025024,7.8950243,7.8150244,7.3850245,6.5450244,5.3550243,5.4650245,5.1150246,4.1050243,3.5450244,3.4350245,4.1850243,1.6350244,1.1050245,-0.9749756,-2.8749757,-3.2249756,-5.1349754,-5.1949754,-4.0449758,-3.3149755,-4.734976,-3.9149756,-3.2549756,-3.4249756,-3.6349757,-3.5149755,-2.7649755,-3.3049755,-3.8949757,-3.9549756,-3.1149757,-3.0549755,-3.3949757,-2.4849756,-1.8649756,-2.0049756,-1.4349756,-0.62497556,0.23502441,-1.2849755,-1.4649756
