src/main/resources/static/Global/sampledata/wind/2.json
{"header": { "discipline":0, "gribEdition":2, "gribLength":78624, "center":7, "subcenter":0, "refTime":"2024-02-18T00:00:00.000Z", "significanceOfRT":1, "productStatus":0, "productType":1, "productDefinitionTemplate":0, "parameterCategory":2, "parameterNumber":2, "parameterUnit":"m.s-1", "genProcessType":2, "forecastTime":0, "surface1Type":103, "surface1Value":10.0, "surface2Type":255, "surface2Value":0.0, "gridDefinitionTemplate":0, "numberPoints":65160, "shape":6, "gridUnits":"degrees", "resolution":48, "winds":"true", "scanMode":0, "nx":360, "ny":181, "basicAngle":0, "lo1":0.0, "la1":90.0, "lo2":359.0, "la2":-90.0, "dx":1.0, "dy":1.0 }, "data":
[rows 0 to 24 of 181, columns 171 to 227 of 360]
-1.1249756,-0.9849756,-0.8549756,-0.7149756,-0.5749756,-0.4349756,-0.29497558,-0.1549756,-0.014975586,0.12502441,0.26502442,0.4050244,0.5450244,0.6750244,0.81502444,0.9550244,1.0950245,1.2350245,1.3650244,1.5050244,1.6450244,1.7750244,1.9150244,2.0450244,2.1850245,2.3150244,2.4450245,2.5850244,2.7150245,2.8450243,2.9750245,3.1050243,3.2350245,3.3550243,3.4850245,3.6050243,3.7350245,3.8550243,3.9750245,4.0950246,4.2150245,4.3350244,4.4450245,4.5650244,4.6750245,4.7850246,4.8950243,5.0050244,5.1150246,5.225024,5.3250246,5.4250245,5.5350246,5.6350245,5.725024,5.8250246,5.9150243
-1.9049755,-1.8049756,-1.7049756,-1.6049756,-1.5049756,-1.4049755,-1.3049756,-1.2049756,-1.1149756,-1.0149755,-0.9149756,-0.8349756,-0.74497557,-0.6549756,-0.5849756,-0.50497556,-0.41497558,-0.3349756,-0.26497558,-0.17497559,-0.084975585,0.005024414,0.095024414,0.17502442,0.2750244,0.36502442,0.4450244,0.5350244,0.6150244,0.7050244,0.7850244,0.87502444,0.9550244,1.0550244,1.1350244,1.2250245,1.3150244,1.3950244,1.4850245,1.5650244,1.6550244,1.7450244,1.8250244,1.9150244,2.0050244,2.1050243,2.2050245,2.3050244,2.4050245,2.5050244,2.6150243,2.7050245,2.8050244,2.9050245,3.0050244,3.0950243,3.1650245
-2.6149757,-2.5549755,-2.4849756,-2.4149756,-2.3449755,-2.2749755,-2.2249756,-2.1649756,-2.1149757,-2.0849755,-2.0649755,-2.0349755,-2.0049756,-1.9449756,-1.8749756,-1.8149756,-1.7349756,-1.6549755,-1.5849756,-1.5049756,-1.4349756,-1.3649756,-1.2949756,-1.2349756,-1.1749756,-1.1049756,-1.0449756,-0.9749756,-0.8949756,-0.8249756,-0.7349756,-0.6549756,-0.56497556,-0.4649756,-0.36497557,-0.2849756,-0.19497558,-0.11497559,-0.034975585,0.055024415,0.12502441,0.21502441,0.29502442,0.38502443,0.4650244,0.5550244,0.6450244,0.74502444,0.8350244,0.94502443,1.0350244,1.1150244,1.1950244,1.2650244,1.3350244,1.4150244,1.4650245
-3.5249755,-3.5149755,-3.5049756,-3.5049756,-3.5149755,-3.5249755,-3.4949756,-3.4549756,-3.4049757,-3.3049755,-3.2049756,-3.1449757,-3.0949755,-3.0449755,-2.9949756,-2.9549756,-2.8849757,-2.8049755,-2.7249756,-2.6549757,-2.5849755,-2.5249755,-2.4549756,-2.3849757,-2.3249755,-2.2749755,-2.2349756,-2.1749756,-2.1249757,-2.0549755,-1.9749756,-1.8949755,-1.8249756,-1.7449756,-1.6849756,-1.6049756,-1.5049756,-1.4349756,-1.3649756,-1.2949756,-1.2149756,-1.1249756,-1.0249755,-0.9149756,-0.7949756,-0.68497556,-0.5849756,-0.4749756,-0.35497558,-0.2549756,-0.14497559,-0.044975586,0.045024414,0.12502441,0.20502442,0.29502442,0.39502442
-4.7149754,-4.734976,-4.7449756,-4.7249756,-4.6849756,-4.6249757,-4.5349755,-4.4249754,-4.3549757,-4.2849755,-4.254976,-4.2249756,-4.1349754,-4.024976,-3.9649756,-3.8849757,-3.8249755,-3.7649755,-3.6949756,-3.6249757,-3.5349755,-3.4449756,-3.3749757,-3.3149755,-3.2549756,-3.1949756,-3.1649756,-3.1449757,-3.1349757,-3.1249757,-3.0749755,-3.0149755,-2.9349756,-2.8249755,-2.7149756,-2.5949755,-2.4749756,-2.3549757,-2.2649755,-2.2049756,-2.1649756,-2.1249757,-2.0649755,-2.0049756,-1.9449756,-1.8949755,-1.8249756,-1.7449756,-1.6449755,-1.5149755,-1.3649756,-1.1749756,-0.99497557,-0.8649756,-0.7649756,-0.6949756,-0.62497556
-5.1149755,-5.1049757,-5.1649756,-5.2449756,-5.3049755,-5.2649755,-5.1949754,-5.1649756,-5.0649757,-5.004976,-5.0949755,-5.1149755,-5.1249757,-5.1349754,-5.0649757,-4.9349756,-4.6949754,-4.4549756,-4.2049756,-4.0549755,-3.9249756,-3.8249755,-3.7049756,-3.5849755,-3.4449756,-3.2949755,-3.1549757,-3.0749755,-3.0049756,-2.9649756,-2.9449756,-2.9349756,-2.8449755,-2.7349756,-2.6349757,-2.5449755,-2.4749756,-2.4149756,-2.3249755,-2.2749755,-2.2449756,-2.2249756,-2.2049756,-2.1649756,-2.1449757,-2.1749756,-2.2149756,-2.1649756,-2.0749755,-1.9449756,-1.8449756,-1.7549756,-1.6349756,-1.5249755,-1.4149756,-1.2949756,-1.1649756
-2.4849756,-2.2949755,-2.1349757,-1.9949756,-1.8149756,-1.5349755,-1.1849756,-1.1249756,-1.2649755,-1.4849756,-1.8049756,-2.2549756,-2.8949757,-3.4449756,-3.6649756,-3.7449756,-3.7849755,-3.8449755,-3.8849757,-3.9149756,-3.9249756,-3.9349756,-3.8449755,-3.7949755,-3.7849755,-3.7749755,-3.7849755,-3.7249756,-3.6349757,-3.5449755,-3.3649757,-3.1549757,-2.9149756,-2.7249756,-2.5549755,-2.4249756,-2.3449755,-2.2749755,-2.1549757,-2.0749755,-2.0349755,-1.9849756,-1.9349756,-1.8749756,-1.7549756,-1.5749756,-1.3949755,-1.3449756,-1.5049756,-1.7649755,-1.9349756,-1.9649756,-1.8949755,-1.8849756,-1.8649756,-1.7849755,-1.6649756
1.2150245,1.3350244,1.4750245,1.5750244,1.6450244,1.6550244,1.7250245,1.8150244,1.8550245,1.8950244,1.9050244,1.9250244,1.8650244,1.7650244,1.7050244,1.6950244,1.6950244,1.6350244,1.5450244,1.5650244,1.6350244,2.0750244,2.3050244,1.9350244,0.6450244,-0.75497556,-1.6549755,-2.1449757,-2.4349756,-2.6549757,-2.7549756,-2.7349756,-2.6749756,-2.7349756,-2.8349755,-2.8449755,-2.8049755,-2.6849756,-2.5549755,-2.4549756,-2.3749757,-2.2549756,-2.1149757,-1.9149756,-1.7049756,-1.5549756,-1.4749756,-1.4449756,-1.3449756,-1.2449756,-1.2149756,-1.2649755,-1.3349756,-1.4349756,-1.5049756,-1.5549756,-1.6249756
4.9650245,4.975024,5.0250244,5.0650244,5.0550246,5.0450244,5.0050244,4.9350243,4.9350243,4.9150243,4.8550243,4.765024,4.725024,4.745024,4.7950244,4.7850246,4.7350245,4.6250243,4.4550242,4.265024,4.0850244,3.9550245,3.8250244,3.7350245,3.6450243,3.4750245,3.3650243,3.2550244,3.1450243,3.1050243,3.1950245,3.3850243,2.9750245,1.2050244,-0.62497556,-1.5749756,-1.6149756,-1.6749756,-1.8449756,-1.8949755,-1.8949755,-1.8849756,-1.8549756,-1.8049756,-1.7149756,-1.6349756,-1.4849756,-1.2849755,-1.1049756,-0.8849756,-0.62497556,-0.44497558,-0.4949756,-0.7049756,-0.81497556,-0.5949756,-0.39497557
7.2750244,7.2950244,7.3450246,7.3250246,7.2750244,7.2750244,7.245024,7.1850243,7.1550245,7.0550246,6.8650246,6.7050242,6.5750246,6.4850245,6.3750243,6.265024,6.1650243,6.0950246,5.995024,5.9150243,5.7950244,5.7050242,5.5850244,5.5350246,5.4850245,5.3850245,5.3750243,5.2150245,4.8350244,4.6350245,4.6650243,4.745024,4.7350245,4.6450243,4.5350246,4.4350243,4.1450243,4.3250246,3.6650245,1.5650244,-0.7149756,-1.3249756,-1.4349756,-1.4749756,-1.4149756,-1.2449756,-1.2549756,-1.2549756,-0.99497557,-0.8449756,-0.6949756,-0.4949756,-0.26497558,-0.0049755857,0.18502441,0.35502443,0.5150244
8.565024,8.495025,8.425024,8.385024,8.345024,8.295025,8.1950245,8.115025,8.075025,8.055024,7.9350243,7.9450245,7.7850246,7.5650244,7.4250245,7.3150244,7.1850243,7.0550246,6.9550242,6.8150244,6.7050242,6.6250243,6.6050243,6.515024,6.5950246,6.5250244,6.1350245,6.0350246,6.1450243,6.0950246,5.9350243,5.7750244,5.5650244,5.3350244,5.2550244,5.265024,5.2950244,5.3250246,5.4350243,5.265024,5.1050243,4.6850243,4.1750245,2.8850243,0.48502442,-0.7349756,-0.7349756,-0.8849756,-1.1249756,-1.1049756,-0.80497557,-0.74497557,-0.56497556,-0.4049756,-0.23497559,0.035024416,0.17502442
8.725024,8.865025,8.905025,8.915025,8.875025,8.925024,8.835025,8.815024,8.785025,8.825025,8.815024,8.6950245,8.555024,8.4450245,8.245025,8.005024,7.745024,7.5250244,7.4550242,7.3250246,7.1750245,7.1250243,7.0550246,6.8850245,6.6550245,6.5950246,6.475024,6.3750243,6.2850246,6.1350245,5.9850245,5.8750243,5.8250246,5.725024,5.5350246,5.3850245,5.2950244,5.3150244,5.515024,5.7750244,6.015024,6.0350246,5.6450243,4.9850245,4.515024,4.1150246,3.5650244,2.7050245,0.99502444,0.055024415,0.07502441,0.11502442,-0.38497558,-0.4949756,-0.3049756,0.015024414,0.42502442
7.3150244,7.495024,7.745024,7.8450246,8.005024,8.105024,8.235024,8.405025,8.495025,8.485024,8.565024,8.505024,8.515024,8.495025,8.375025,8.235024,8.135024,7.975024,7.725024,7.5050244,7.2350245,7.0050244,6.8850245,6.8050246,6.6850243,6.6250243,6.6150246,6.5250244,6.4050245,6.3550243,6.3050246,6.2350245,6.1850243,6.0750246,6.0350246,6.015024,5.9350243,5.8350244,5.8250246,5.765024,5.9450245,6.0450244,5.8750243,5.765024,5.5850244,5.3750243,5.1950245,4.9650245,4.6950245,4.2750244,3.5750244,2.8950243,2.0750244,1.6150244,1.3250244,1.1650244,0.9750244
4.8550243,5.1150246,5.3450246,5.3650246,5.4850245,5.7150245,5.9650245,6.2150245,6.4050245,6.6250243,6.745024,6.9450245,7.0750246,7.1250243,7.1850243,7.0850244,7.0350246,6.9050245,6.7750244,6.765024,6.6950245,6.6450243,6.4650245,6.3550243,6.2050242,6.2950244,6.2750244,6.1550245,6.1150246,6.1350245,6.1050243,6.1050243,6.225024,6.2050242,6.1350245,6.1350245,6.0250244,5.9050245,5.8550243,5.7850246,5.8850245,6.1550245,6.0550246,5.8850245,5.7750244,5.8150244,5.8650246,5.7950244,5.5350246,5.3250246,5.2350245,5.2350245,5.1850243,5.0350246,4.8250246,4.5750246,4.3750243
3.4650245,3.5750244,3.7350245,3.9050245,4.1050243,4.265024,4.225024,4.4550242,4.5950246,4.7350245,4.8850245,5.0550246,5.1150246,5.0550246,5.0550246,5.1150246,5.2050242,5.3350244,5.5250244,5.5950246,5.7050242,5.6850243,5.6150246,5.5850244,5.5650244,5.475024,5.5250244,5.5450244,5.6750245,5.6950245,5.7050242,5.6250243,5.5450244,5.3950243,5.3350244,5.3050246,5.3150244,5.4650245,5.3350244,5.2150245,5.2550244,5.2550244,5.1150246,4.9350243,4.975024,5.0750246,5.2350245,5.2850246,5.3350244,5.3150244,5.4050245,5.495024,5.4650245,5.4450245,5.5050244,5.5850244,5.7050242
2.4050245,2.5050244,2.6450243,2.8550243,3.0650244,3.1550245,3.2050245,3.4750245,3.7450244,4.0350246,4.1650243,3.9450245,3.9550245,4.0850244,4.1150246,4.3350244,4.5350246,4.4650245,4.5950246,4.5450244,4.5850244,4.6450243,4.6050243,4.6350245,4.6250243,4.6150246,4.5250244,4.5550246,4.6150246,4.6450243,4.6550245,4.7050242,4.6450243,4.6450243,4.8050246,4.8250246,4.745024,4.7850246,4.7950244,4.6950245,4.6050243,4.6050243,4.6550245,4.6150246,4.6850243,4.9350243,5.1050243,5.0650244,5.0050244,4.995024,4.9650245,4.9350243,4.8350244,4.8350244,4.9150243,4.995024,5.1150246
0.5850244,0.8650244,1.2850244,1.6450244,1.9150244,2.1550245,2.5250244,2.5450244,2.6550245,2.7850244,2.8850243,3.1050243,3.2450244,3.3550243,3.2050245,3.2150245,3.3450243,3.4150245,3.3550243,3.3150244,3.3750243,3.4450245,3.1950245,3.1750245,3.3550243,3.4050245,3.4050245,3.4750245,3.5450244,3.6550245,3.6450243,3.7350245,3.7950244,3.9450245,3.9450245,3.7450244,3.6450243,3.6650245,3.6850245,3.7850244,3.8850243,4.0250244,4.1050243,4.1750245,3.9850245,4.1550245,4.3050246,4.3950243,4.3350244,4.4150243,4.3950243,4.3650246,4.4450245,4.2950244,4.3750243,4.2550244,4.495024
-2.9049757,-2.5149755,-1.8149756,-1.5049756,-0.9649756,-0.39497557,-0.034975585,0.7250244,1.0550244,1.3050244,1.7350245,1.8450245,2.0950243,2.1450243,2.0350244,1.9550244,2.4150245,2.5050244,2.1150243,2.0950243,2.1450243,1.7650244,1.9150244,1.9850245,2.0150244,2.1350243,2.0050244,2.0950243,2.2050245,2.2950244,2.4150245,2.2850244,2.4850245,2.5350244,2.4450245,2.3550243,2.5150244,2.4450245,2.3450243,2.5450244,2.6350243,2.7650244,2.8250244,2.9150245,2.9550245,3.1450243,3.3250244,3.3750243,3.4950244,3.4150245,3.3550243,3.5050244,3.5050244,3.7350245,3.6350243,3.7450244,4.2550244
-4.2249756,-4.0549755,-3.7549756,-3.4849756,-3.4449756,-2.8449755,-2.6149757,-2.8649757,-2.5849755,-1.9349756,-0.9149756,-0.4049756,0.6550244,0.4150244,0.4150244,0.7850244,1.0250244,0.69502443,0.6150244,0.19502442,0.095024414,0.30502442,0.21502441,-0.0049755857,-0.2749756,-0.17497559,0.16502441,0.23502441,0.30502442,0.42502442,0.4650244,0.5550244,0.7250244,0.75502443,0.62502444,0.5550244,0.33502442,0.20502442,0.26502442,0.3450244,0.5150244,0.6650244,0.8250244,1.1050245,1.2350245,1.2250245,1.4150244,1.6150244,1.7050244,1.8650244,2.1250243,2.1650245,2.2350245,2.4350245,2.6750245,3.0250244,2.7150245
-5.2049756,-5.3449755,-5.004976,-4.9949756,-4.9649754,-4.8549757,-4.3649755,-2.3549757,-1.7949756,-1.0149755,-0.9549756,-0.80497557,-0.80497557,-0.42497557,-0.3049756,-0.41497558,-0.50497556,-0.4749756,-0.50497556,-0.9649756,-0.9049756,-0.99497557,-1.5449756,-1.7049756,-1.8949755,-2.0249755,-1.9049755,-2.0949755,-2.0749755,-2.0549755,-2.2549756,-2.4249756,-2.0249755,-2.2149756,-2.1449757,-2.2049756,-2.0649755,-1.8849756,-1.6749756,-1.6649756,-1.5749756,-1.6649756,-1.6849756,-1.7149756,-1.6049756,-1.3749756,-1.1649756,-0.9549756,-0.9249756,-0.7949756,-0.45497558,-0.20497559,0.13502441,0.18502441,0.29502442,0.4650244,0.6450244
-0.5449756,-1.6649756,-2.8449755,-3.6749756,-5.274976,-6.1949754,-6.0949755,-5.2049756,-4.0949755,-3.4849756,-2.9349756,-2.4849756,-1.9349756,-1.4149756,-0.87497556,-0.62497556,-0.62497556,-0.8549756,-1.2649755,-1.4649756,-1.8649756,-2.1349757,-2.6449757,-2.9949756,-3.5649755,-3.8849757,-4.734976,-4.2849755,-4.4649754,-3.9849756,-3.6549757,-3.4449756,-3.0949755,-3.2549756,-2.9349756,-2.7049756,-2.2149756,-1.9249756,-1.7349756,-2.1349757,-1.7749755,-1.8249756,-1.7549756,-1.3649756,-1.3449756,-1.3549756,-0.75497556,-1.7549756,-1.7049756,-2.0249755,-1.8149756,-1.7349756,-1.8949755,-1.8549756,-1.8749756,-1.9749756,-2.0049756
1.3150244,0.36502442,-1.6849756,-1.5549756,-0.3349756,-1.9849756,-0.87497556,-0.26497558,-0.17497559,-1.6649756,-1.6049756,-1.2449756,-0.5249756,-0.7149756,-0.87497556,-0.7649756,-0.50497556,-0.9049756,-1.0849756,-1.7349756,-2.3449755,-2.9849756,-4.1749754,-5.8749757,-6.1649756,-6.274976,-3.6349757,-3.2849755,-3.9949756,-4.3349757,-4.3849754,-3.8949757,-3.7549756,-3.7149756,-3.1349757,-2.4849756,-1.5249755,-0.6149756,-0.48497558,-0.23497559,0.21502441,0.18502441,-0.6349756,-0.22497559,-1.1449755,-1.2249756,0.38502443,-0.3749756,-0.3749756,-1.5249755,0.4450244,1.0250244,-0.3049756,-1.1349756,-1.8749756,-2.0849755,-1.9749756
0.4650244,-0.07497559,-1.3849756,-1.0849756,-1.7949756,-1.3049756,-2.2449756,0.005024414,1.1250244,0.19502442,0.15502441,1.0650244,2.2350245,1.4850245,1.1650244,0.7650244,0.45502442,-0.1549756,-1.0349755,-1.6849756,-2.2949755,-2.9249756,-2.5149755,-3.2749755,-4.1249757,-1.3749756,-2.2449756,-3.3249755,-2.4649756,-3.1349757,-0.6949756,-1.9449756,-2.3949757,-0.75497556,-1.4949756,0.8250244,-0.44497558,-2.3249755,-0.9249756,-0.55497557,-1.0949756,-1.0449756,-0.2849756,-1.0449756,0.29502442,-1.4749756,-1.0549756,-2.7849755,0.4150244,1.2150245,-0.44497558,-1.6849756,-1.1249756,-0.2549756,0.4050244,0.8050244,-1.2049756
0.9850244,0.4450244,1.1850244,-0.10497559,-2.5549755,-0.36497557,-1.6449755,-1.4549756,-0.034975585,-0.7349756,-1.1549755,-1.0849756,0.8950244,1.4950244,2.8750243,1.7850244,0.9750244,2.6050243,3.0450244,0.13502441,-1.5149755,-1.1449755,-2.3049755,-0.4349756,-1.2749755,-1.7549756,-0.42497557,-1.7449756,-0.7649756,-1.9249756,-0.9849756,0.5850244,0.7950244,-0.80497557,-0.75497556,-1.0249755,-0.93497556,0.12502441,-0.7649756,-1.9549756,-0.68497556,-0.084975585,-0.35497558,-0.9249756,-1.9049755,-2.3449755,-2.2549756,-0.9249756,-1.7949756,-1.7149756,-0.9849756,-0.024975587,0.30502442,-1.2549756,-0.87497556,0.11502442,-0.5249756
-0.38497558,-0.6549756,0.2750244,-1.1349756,-1.5949756,-0.24497558,-0.17497559,-0.9849756,-1.0549756,-0.7849756,-3.0649755,-3.3549757,-2.6849756,-1.9249756,-0.75497556,1.0050244,2.3550243,-2.0949755,1.5850244,2.2250245,1.2050244,0.025024414,-0.8649756,-0.3749756,-2.0149755,-0.9849756,-0.44497558,-0.11497559,-0.4349756,-1.7749755,-0.044975586,-0.3449756,0.6350244,-1.2049756,-0.6649756,-2.0449755,-0.7949756,-0.6449756,-2.4649756,-1.3549756,-0.3149756,-0.7249756,-1.5149755,-0.6749756,-0.3049756,0.9550244,-0.06497559,-0.14497559,-0.5449756,-1.3649756,-0.8349756,-0.35497558,-0.7649756,-1.0249755,-0.8949756,-0.6549756,0.4950244
