src/main/resources/static/Global/sampledata/wind/2.json
{"header": { "discipline":0, "gribEdition":2, "gribLength":79078, "center":7, "subcenter":0, "refTime":"2024-02-18T00:00:00.000Z", "significanceOfRT":1, "productStatus":0, "productType":1, "productDefinitionTemplate":0, "parameterCategory":2, "parameterNumber":3, "parameterUnit":"m.s-1", "genProcessType":2, "forecastTime":0, "surface1Type":103, "surface1Value":10.0, "surface2Type":255, "surface2Value":0.0, "gridDefinitionTemplate":0, "numberPoints":65160, "shape":6, "gridUnits":"degrees", "resolution":48, "winds":"true", "scanMode":0, "nx":360, "ny":181, "basicAngle":0, "lo1":0.0, "la1":90.0, "lo2":359.0, "la2":-90.0, "dx":1.0, "dy":1.0 }, "data":
[rows 150 to 174 of 181, columns 0 to 57 of 360]
0.26250732,0.43250734,0.31250733,-3.8774927,-7.5574927,-8.377493,-9.627493,-9.417493,-8.517492,-9.757493,-10.457493,-11.087493,-11.387493,-11.427493,-11.287493,-10.117493,-8.527493,-8.117493,-7.727493,-7.017493,-6.377493,-6.3574924,-6.957493,-7.4274926,-7.0674925,-6.1574926,-6.187493,-6.7974925,-6.7874928,-6.147493,-6.9874926,-8.497493,-8.837493,-8.947493,-8.877493,-8.307492,-8.077493,-8.077493,-7.7974925,-7.4674926,-7.0074925,-6.5074925,-6.1174927,-5.457493,-4.647493,-4.5074925,-4.4474926,-3.3274927,-2.1774926,-0.9774927,0.32250732,0.8425073,1.7125074,2.3925073,3.2525072,4.1825075,5.2125072,6.5725074
0.54250735,1.2625073,-0.62749267,0.07250732,-3.1174927,-5.4674926,-7.5974927,-9.167493,-9.3174925,-9.487493,-9.047493,-10.457493,-11.127493,-12.027493,-12.377493,-11.747493,-11.457493,-10.157493,-8.237493,-7.8574924,-7.3274927,-6.5974927,-5.877493,-5.7374926,-6.6574926,-7.5274925,-6.2174926,-6.5974927,-7.0774927,-7.3674927,-6.7374926,-7.4874926,-8.757493,-9.307492,-9.347492,-9.077493,-8.737493,-8.527493,-8.3174925,-7.9874926,-7.8474927,-7.7374926,-7.187493,-6.687493,-5.2174926,-4.187493,-3.4774926,-2.4174926,-1.4274926,-0.12749268,1.8125073,3.3525074,4.1125073,5.3425074,4.792507,5.122507,5.1325073,5.6625075
-0.28749266,0.38250732,0.93250734,1.1125073,-2.2674928,-2.1374927,-3.7474928,-6.1174927,-7.0474925,-8.297493,-9.667493,-9.767492,-9.957493,-11.387493,-12.3174925,-12.987493,-12.707493,-11.927493,-10.917493,-9.587493,-8.097492,-7.457493,-6.8674927,-6.0874925,-5.8474927,-7.017493,-7.147493,-7.2974925,-7.227493,-8.007493,-8.027493,-7.7574925,-7.917493,-8.507493,-8.627493,-8.947493,-8.947493,-8.847492,-8.417493,-7.897493,-7.8574924,-7.6974926,-6.1974926,-5.3874927,-4.897493,-3.9974928,-2.2274926,0.2725073,1.3025073,2.1625073,1.7725073,2.5925074,3.3325074,3.8525074,4.082507,4.2825074,5.002507,5.372507
0.93250734,-0.007492676,-0.047492675,0.042507324,0.042507324,-0.6674927,-2.1874926,-2.6074927,-2.6374927,-5.417493,-7.0874925,-8.727492,-10.027493,-10.377493,-11.667493,-12.257493,-12.427493,-12.467493,-11.487493,-10.117493,-9.187492,-8.337493,-7.1374927,-6.5674925,-6.1974926,-7.457493,-7.8074927,-8.387493,-8.477492,-8.677493,-9.367493,-9.047493,-9.027493,-8.917493,-9.297493,-9.207493,-9.157493,-9.457493,-9.117493,-8.547493,-7.9674926,-7.0774927,-6.247493,-5.127493,-3.8674927,-2.5374928,-1.7674927,-1.0874927,-0.17749268,0.7625073,1.6325073,2.1025074,2.5425074,2.6425073,2.9625072,3.9325073,4.542507,4.2025075
2.8525074,1.6425073,1.3625073,0.6625073,0.23250732,-0.9174927,-2.1474926,-2.3874927,-4.1374927,-3.8774927,-3.5574927,-6.3274927,-8.807492,-10.727492,-11.337493,-11.247493,-11.637493,-11.747493,-10.847492,-9.967493,-8.927493,-7.5974927,-6.397493,-6.647493,-8.417493,-9.837493,-10.187492,-10.757493,-10.007493,-9.577493,-9.957493,-10.107492,-9.887493,-9.937492,-10.147492,-10.217493,-10.287493,-9.887493,-9.137493,-8.417493,-7.5474925,-6.8674927,-5.417493,-4.207493,-3.4874926,-2.4074926,-1.1774926,-0.42749268,0.32250732,1.7525073,3.1125073,4.792507,6.2625074,5.6625075,3.9525073,2.6225073,3.0125074,1.1525073
6.102507,4.9725075,3.5225074,2.6425073,1.4625074,0.042507324,-0.7874927,-2.3274927,-3.5174928,-4.7374926,-5.0274925,-6.0674925,-7.1174927,-9.637493,-10.457493,-11.187492,-10.5674925,-10.127493,-9.847492,-9.197493,-7.897493,-5.877493,-6.6974926,-8.527493,-10.367493,-11.3174925,-11.957493,-12.037493,-11.447493,-11.397492,-11.357492,-10.997493,-10.387493,-9.8174925,-9.257493,-9.057492,-8.907493,-8.807492,-8.487493,-7.917493,-7.1174927,-6.127493,-5.0774927,-4.1374927,-2.6674926,-1.5874927,-0.70749265,0.5325073,1.9025073,4.812507,5.3425074,6.7425075,4.4025073,4.4625072,2.8225074,1.2725073,-0.13749267,0.92250735
7.2025075,6.042507,5.0125074,3.9025073,2.5225074,0.8425073,-0.9674927,-2.4574926,-3.8574927,-5.1574926,-6.4274926,-6.6574926,-8.007493,-8.0674925,-9.667493,-9.877493,-9.287493,-8.457493,-7.2974925,-5.2174926,-3.8674927,-4.3474927,-6.9274926,-9.667493,-11.147492,-11.897492,-12.437492,-12.857492,-12.5674925,-12.5674925,-11.987493,-11.207493,-10.867493,-10.747493,-10.337493,-9.657493,-9.097492,-8.967493,-8.347492,-7.5774927,-6.8374925,-6.0774927,-5.0274925,-2.9774926,-1.6674926,0.0025073243,0.38250732,-0.7274927,1.4725074,2.6725073,4.1125073,3.9625072,3.1125073,5.582507,6.5725074,3.5025072,-0.4474927,0.012507324
8.742507,8.582507,7.3825073,5.4725075,3.7425072,2.9025073,-0.10749268,-3.0374928,-4.437493,-5.3374925,-6.707493,-7.767493,-8.307492,-7.8874927,-8.637493,-8.017492,-7.017493,-6.2974925,-4.3074927,-4.1574926,-5.0074925,-7.0074925,-8.467493,-9.527493,-10.477492,-11.517492,-12.197493,-12.637493,-12.457493,-12.437492,-12.507493,-11.867493,-11.417493,-10.917493,-10.247493,-9.587493,-8.857492,-8.307492,-7.5774927,-6.727493,-6.1774926,-5.0474925,-3.4874926,-1.8974926,-1.5374926,-1.7174927,0.68250734,0.45250732,1.0225073,1.2425073,2.0725074,-0.33749267,-0.4174927,-2.1274927,-1.6874927,2.3725073,4.332507,1.2625073
10.712507,9.832507,8.272508,7.732507,6.4225073,3.8625073,1.5125073,-0.75749266,-3.1274927,-4.5074925,-6.3874927,-6.4674926,-6.767493,-6.6074924,-6.0974927,-5.6174927,-4.2774925,-2.7474928,-3.5274928,-3.2274926,-3.0874927,-4.267493,-6.377493,-7.9874926,-9.0674925,-9.507493,-9.367493,-9.577493,-9.267492,-9.497493,-9.297493,-9.377493,-8.977492,-8.407493,-8.077493,-6.0574927,-5.1374927,-4.5774927,-4.0374928,-3.4774926,-3.2374926,-2.9774926,-2.1774926,0.92250735,3.3325074,3.6125073,4.6325073,3.4225073,6.4025073,0.92250735,1.7325073,3.2525072,5.7025075,5.9225073,6.9525075,9.992507,7.0925074,3.9325073
9.492507,8.832507,6.8825073,6.4125075,6.1625075,4.772507,3.0625074,1.0825074,-0.7774927,-2.4374926,-3.8674927,-4.0574927,-3.9774926,-2.9674926,-2.5274928,-2.2074926,-1.6474926,-1.6774926,-1.9674927,-1.6674926,-2.1574926,-2.7974927,-3.4574926,-3.8074927,-4.1974926,-4.6774926,-5.207493,-5.5774927,-6.0874925,-6.4674926,-5.6374927,-4.6574926,-4.517493,-2.0474927,0.9525073,-0.42749268,-1.7974926,-2.8074927,-4.437493,-6.5074925,-4.377493,-3.6974926,-1.8174927,-0.07749268,1.9825073,3.1525073,4.2125072,5.332507,6.0925074,6.4425073,4.062507,3.2425072,3.6525073,5.482507,7.0925074,7.8225074,7.8025074,7.6325073
8.022508,6.7025075,5.982507,4.9925075,4.4025073,3.1825073,2.3025074,1.6725073,0.6425073,0.08250733,-0.25749266,-0.3874927,-0.18749267,0.0025073243,0.022507325,-0.17749268,-0.17749268,-0.12749268,-0.15749268,-0.027492676,0.012507324,-0.17749268,-0.43749267,-0.62749267,-1.1374927,-1.9274926,-2.3274927,-2.2574928,-2.6374927,-2.7474928,-3.1174927,-2.3974926,-2.7774928,-3.7774928,-4.1574926,-2.8474927,-1.4474927,-0.28749266,2.1625073,0.23250732,-2.1474926,-1.6374927,-1.0474926,-0.51749265,-0.5574927,1.4825073,2.5625074,4.1625075,4.5925074,5.1825075,4.4925075,4.6425076,4.5725074,4.7825074,5.372507,5.9025073,6.1525073,6.1125073
5.6625075,4.3825073,4.1525073,6.2825074,6.4225073,4.9025073,3.6925073,2.9625072,2.0825074,1.4025073,1.4925073,1.6725073,2.4325073,3.3625073,2.7625074,2.7725074,2.2925074,2.2325072,2.6125073,2.6225073,2.3325074,2.0725074,1.7025074,1.6325073,1.0025073,0.62250733,-0.087492675,-0.9074927,-1.2174927,-1.4974927,-2.1274927,-2.3674927,-2.1774926,-2.3674927,-1.8274927,-1.4974927,-0.63749266,0.6625073,2.1825073,2.7025073,2.3225074,1.2525073,0.7125073,0.5125073,0.5725073,0.5825073,1.3125073,2.4925072,3.5325074,4.372507,4.812507,4.8825073,5.3425074,5.1425076,4.9525075,4.9025073,4.5525074,4.272507
2.1425073,2.9925072,4.252507,3.9825072,5.1725073,4.5325074,4.6425076,2.5525074,2.4125073,0.7025073,0.34250733,-0.5974927,-0.9774927,0.5325073,1.6725073,1.4625074,0.62250733,1.4725074,0.85250735,0.49250734,0.87250733,1.4125073,1.9825073,1.4425073,2.8425074,2.1225073,5.312507,3.8225074,2.2625074,1.2725073,0.21250732,-0.5574927,-0.22749268,-0.26749268,0.8225073,1.4125073,0.022507325,0.61250734,1.2725073,1.8425074,2.0725074,2.1325073,1.9625074,1.7025074,1.9725074,2.5525074,3.0325074,3.3125074,3.7225072,3.8025074,4.2425075,4.582507,4.5925074,4.312507,4.002507,3.9125073,3.7625074,4.332507
-2.1274927,-4.9674926,-5.0674925,-4.917493,-4.7874928,-4.457493,-4.3274927,-3.6874926,-3.7474928,-3.7074926,-4.1974926,-4.397493,-4.5574927,-4.5074925,-4.3674927,-3.1274927,-2.4474926,-2.2474928,-0.89749265,-0.19749267,0.23250732,0.052507326,-0.63749266,-2.1374927,-3.0374928,-3.0174928,-1.1874927,0.26250732,0.54250735,0.2725073,-0.07749268,-0.88749266,-0.81749266,-0.3574927,-0.30749267,-0.7774927,-1.2474927,-1.0174927,0.08250733,1.2125074,1.7625073,2.1925073,2.8525074,3.3625073,3.8325074,4.2125072,4.4425073,4.6625075,4.852507,4.832507,4.542507,4.1525073,3.8825073,3.7925074,3.6125073,3.5925074,3.5625074,4.372507
-0.4774927,-2.1674926,-3.6374927,-4.0874925,-4.4274926,-4.9474926,-5.3574924,-5.4274926,-5.497493,-5.6374927,-5.457493,-4.9874926,-3.9574926,-3.7074926,-4.8674927,-4.0974927,-3.5374928,-3.1174927,-2.7274926,-2.3474927,-2.1474926,-2.0174928,-2.0074928,-2.1874926,-2.2974927,-2.4674926,-2.5174928,-0.9674927,-0.117492676,0.062507324,0.10250732,-0.45749268,-0.7274927,-0.7774927,-0.36749268,-0.5274927,-0.50749266,-0.34749267,-0.10749268,0.47250733,1.4225073,2.3225074,3.1125073,3.6225073,4.042507,4.5925074,4.622507,4.602507,4.602507,4.562507,4.4625072,4.3825073,4.4025073,4.7125072,4.6825075,4.312507,5.2825074,5.2625074
-4.9074926,-4.5574927,-5.0674925,-5.647493,-6.1174927,-6.017493,-6.147493,-6.147493,-5.977493,-5.5074925,-5.5674925,-5.7374926,-5.5574927,-5.0974927,-4.5374928,-4.247493,-4.207493,-4.2374926,-4.247493,-4.2174926,-4.0574927,-3.8774927,-3.8474927,-3.7574928,-3.6674926,-3.5674927,-3.4174926,-3.0674927,-2.4274926,-1.6474926,-0.9274927,-0.39749268,-0.21749267,-0.087492675,0.022507325,0.092507325,-0.06749268,-0.12749268,0.24250732,0.8925073,1.6825073,2.0225074,2.4625072,3.0725074,3.2625074,3.7425072,4.0325074,4.082507,4.0725074,4.0325074,4.252507,4.7425075,5.312507,5.752507,6.602507,7.0525074,7.8225074,8.202507
-5.957493,-5.8074927,-5.707493,-5.767493,-6.2174926,-6.747493,-6.667493,-6.6074924,-6.5374928,-6.397493,-6.1974926,-6.0774927,-5.8674927,-5.5374928,-5.377493,-5.0574927,-4.7774925,-4.5674925,-4.5674925,-4.5974927,-4.5674925,-4.4874926,-4.397493,-4.247493,-4.0674925,-3.8874927,-3.5774927,-3.2274926,-2.8974926,-2.5674927,-2.2974927,-1.9774927,-1.6374927,-1.4474927,-1.2174927,-1.0674927,-0.82749265,-0.4474927,-0.027492676,0.43250734,1.0825074,1.7225074,2.2325072,2.5825074,2.8925073,3.1225073,3.3725073,3.6325073,3.8025074,4.0925074,4.3625073,4.792507,5.1925073,5.3425074,5.8925076,6.5525074,7.002507,7.372507
-5.6574926,-5.747493,-5.997493,-6.0374928,-5.8174925,-5.8474927,-5.937493,-6.1774926,-6.187493,-6.5574927,-6.3274927,-6.187493,-6.0974927,-5.8574924,-5.6374927,-5.707493,-5.4074926,-5.2574925,-5.127493,-4.9274926,-4.7374926,-4.5874925,-4.4274926,-4.2874928,-4.127493,-3.9774926,-3.8674927,-3.7174926,-3.4774926,-3.2174926,-2.9474926,-2.6674926,-2.2774928,-1.9474927,-1.5574927,-1.0974927,-0.6774927,-0.19749267,0.29250732,0.7625073,1.1525073,1.4725074,1.8225074,2.1725073,2.3725073,2.7225072,3.0525074,3.3225074,3.6825073,3.9525073,4.2225075,4.4325075,4.5925074,4.8425074,5.1925073,5.562507,5.9225073,6.2625074
-4.937493,-5.0374928,-5.227493,-5.2974925,-5.3874927,-5.497493,-5.3474927,-5.1174927,-5.0774927,-5.267493,-5.6574926,-5.727493,-6.0574927,-5.9074926,-5.957493,-5.9274926,-5.8674927,-5.7374926,-5.5374928,-5.4474926,-5.2374926,-5.0474925,-4.8474927,-4.6774926,-4.5074925,-4.2974925,-4.0074925,-3.9174926,-3.7674928,-3.4974928,-3.3874927,-3.1074927,-2.7674928,-2.6574926,-2.5074928,-2.3174927,-2.0374928,-1.8274927,-1.4474927,-0.88749266,-0.30749267,0.37250733,1.0525073,1.6025074,2.0625074,2.5925074,3.1025074,3.5425074,3.8625073,4.0725074,4.4325075,4.732507,5.062507,5.272507,5.4625072,5.752507,5.9125075,6.272507
-4.6374927,-4.6774926,-4.6074924,-4.687493,-4.7774925,-4.727493,-4.977493,-5.207493,-5.0374928,-4.9074926,-5.0974927,-5.1374927,-5.0374928,-4.917493,-4.8474927,-4.8074927,-4.7774925,-4.7874928,-4.8474927,-4.8874927,-4.767493,-4.7174926,-4.7174926,-4.7174926,-4.6774926,-4.5874925,-4.4474926,-4.4474926,-4.4074926,-4.3374925,-4.267493,-4.017493,-3.6974926,-3.4674926,-3.2174926,-2.9374926,-2.6374927,-2.2674928,-1.8574927,-1.4674927,-1.0274926,-0.5274927,0.052507326,0.7125073,1.4725074,2.1725073,2.7825074,3.3525074,3.8425074,4.2625074,4.622507,4.9225073,5.082507,5.252507,5.4425073,5.5925074,5.7825074,5.9625072
-4.497493,-4.5074925,-4.517493,-4.4874926,-4.517493,-4.687493,-4.9074926,-5.0974927,-5.207493,-5.2174926,-5.2374926,-5.1574926,-5.0774927,-5.167493,-5.3374925,-5.397493,-5.417493,-5.4274926,-5.397493,-5.397493,-5.397493,-5.3374925,-5.3174925,-5.397493,-5.4274926,-5.3174925,-5.167493,-5.0974927,-5.0674925,-5.0074925,-4.7874928,-4.5074925,-4.3174925,-4.1974926,-4.127493,-3.9274926,-3.6674926,-3.4474926,-3.2374926,-3.0074928,-2.6774926,-2.2574928,-1.8574927,-1.2674927,-0.57749265,0.19250733,1.0625073,1.9525074,2.6225073,3.0825074,3.5325074,3.9325073,4.2625074,4.5125074,4.7625074,4.9725075,5.1325073,5.2025075
-5.1074924,-5.187493,-5.167493,-5.1174927,-5.0774927,-5.127493,-5.167493,-5.1974926,-5.167493,-5.2174926,-5.2974925,-5.3574924,-5.397493,-5.397493,-5.4674926,-5.667493,-5.7374926,-5.8474927,-5.877493,-5.7774925,-5.7374926,-5.8074927,-5.8474927,-5.9274926,-5.957493,-5.9674926,-5.937493,-5.897493,-5.8074927,-5.7374926,-5.707493,-5.517493,-5.3674927,-5.3574924,-5.3274927,-5.1374927,-4.9074926,-4.6774926,-4.4074926,-4.0974927,-3.7574928,-3.4374926,-3.0674927,-2.6874926,-2.3174927,-1.8474927,-1.2774926,-0.7274927,-0.12749268,0.47250733,1.1425073,1.7725073,2.2525072,2.7325072,3.1925073,3.5325074,3.8225074,3.9625072
-3.6974926,-3.7774928,-3.8374927,-3.8374927,-3.7974927,-3.7774928,-3.7974927,-3.8274927,-3.8274927,-3.8774927,-3.9374926,-3.9774926,-4.017493,-4.0674925,-4.1174927,-4.147493,-4.1774926,-4.267493,-4.377493,-4.517493,-4.707493,-4.957493,-5.2374926,-5.457493,-5.5974927,-5.667493,-5.707493,-5.6774926,-5.6374927,-5.6374927,-5.707493,-5.7874928,-5.8274927,-5.8274927,-5.8374925,-5.7574925,-5.5674925,-5.3274927,-5.0574927,-4.687493,-4.267493,-3.9474926,-3.6974926,-3.4974928,-3.3174927,-3.1074927,-2.8074927,-2.4274926,-1.9874927,-1.5374926,-1.0974927,-0.69749266,-0.27749267,0.14250733,0.5325073,0.85250735,1.1125073,1.3425074
-3.2774928,-3.3774927,-3.4474926,-3.4974928,-3.5174928,-3.5174928,-3.5174928,-3.5474927,-3.6174927,-3.7074926,-3.7574928,-3.8074927,-3.8674927,-3.9174926,-3.9774926,-4.0574927,-4.1374927,-4.187493,-4.2574925,-4.3174925,-4.3674927,-4.4074926,-4.457493,-4.5074925,-4.5974927,-4.6974926,-4.7874928,-4.8474927,-4.897493,-4.897493,-4.8674927,-4.8174925,-4.8174925,-4.8474927,-4.877493,-4.877493,-4.8174925,-4.7174926,-4.5774927,-4.4074926,-4.1774926,-3.9174926,-3.6574926,-3.4774926,-3.3274927,-3.2174926,-3.0874927,-2.9374926,-2.7374926,-2.5174928,-2.2374926,-1.9474927,-1.6574926,-1.3574927,-1.0574927,-0.7874927,-0.5274927,-0.28749266
-3.3474927,-3.3874927,-3.3074927,-3.1574926,-3.1674926,-3.2174926,-3.3074927,-3.3874927,-3.4674926,-3.5674927,-3.6474926,-3.7274926,-3.8274927,-3.8674927,-3.9074926,-3.9274926,-3.9574926,-4.0274925,-4.127493,-4.1974926,-4.247493,-4.2974925,-4.3374925,-4.3474927,-4.3474927,-4.3374925,-4.397493,-4.477493,-4.4874926,-4.4874926,-4.517493,-4.5074925,-4.4874926,-4.517493,-4.5974927,-4.6774926,-4.7874928,-4.877493,-4.917493,-4.897493,-4.7774925,-4.517493,-4.167493,-3.7574928,-3.3574927,-2.9974928,-2.7674928,-2.6474926,-2.5674927,-2.4574926,-2.3074927,-2.1274927,-1.9374927,-1.7674927,-1.6074927,-1.4474927,-1.2774926,-1.0874927
